0001000000000000000100
0001000000000000000000
0000000001000000000000
0000000100000000000010
0000000100001000000000
0000000100010000000000
0000000100000010000010
0000000100000100000010
0000000100000001000010
0000000100001001000000
0000000100000010000010
0000000100000101000010
0000000100001000000000
0000000100010000000000
0000000100000010000010
0000000100000100000010
0000000010000000000000
0000000010100111000110
0000000010100011000110
0000000010100101000110
0000000010100111001000
0000000010100011001000
0000000010100101001000
0000000010101001000000
0000000010110001000000
0000000010100011000010
0000000010100101000010
0000000010100111001100
0000000010100011001100
0000000010100101001100
0000000010100111001110
0000000010100011001110
0000000010100101001110
0000000010100001010000
0000000010100001010100
0000000000000001010110
0000000010100001011010
0000000010100001011110
0000001000000000000000
0000000000001000000000
0000000000010000000000
0000000000000010000010
0000000000000100000010
1000000000001110000110
1000000000001010000110
1000000000001100000110
1000000000000110000110
1000000000001110001000
1000000000001010001000
1000000000001100001000
1000000000000110001010
1000000000000000000000
1000000000010000000000
1000000000000010000010
1000000000000110000010
1000000000001110001100
1000000000001010001100
1000000000001100001100
1000000000000110001100
1000000000001110001110
1000000000001010001110
1000000000001100001110
1000000000000110001110
1000000000001000010000
1000000000000000010100
1000000000001000010110
1000000000001000011010
1000000000001000011110
0100000000010110000110
0100000000010010000110
0100000000010100000110
0100000000000110000110
0100000000010110001000
0100000000010010001000
0100000000010100001000
0100000000000110001010
0100000000000000000000
0100000000001000000000
0100000000000010000010
0100000000000100000010
0100000000010110001100
0100000000010010001100
0100000000010100001100
0100000000000110001100
0100000000010110001110
0100000000010010001110
0100000000010100001110
0100000000000110001110
0100000000010000010000
0100000000000000010100
0100000000010000010110
0100000000010000011010
0100000000010000011110
0000100000000010000110
0000100000001010000110
0000100000010010000110
0000100000011010000110
0000100000000010001010
0000100000001010001010
0000100000010010001010
0000100000011010001010
0000100000000000000000
0000100000001000000000
0000100000010000000000
0000100000000100000010
0000100000000010001100
0000100000001010001100
0000100000010010001100
0000100000011010001100
0000100000000010001110
0000100000001010001110
0000100000010010001110
0000100000011010001110
0000100000000010010010
0000100000000000010100
0000100000000010011000
0000100000000010011100
0000100000000010100000
0000010000000100000110
0000010000001100000110
0000010000010100000110
0000010000011100000110
0000010000000100001010
0000010000001100001010
0000010000010100001010
0000010000011100001010
0000010000000000000000
0000010000001000000000
0000010000010000000000
0000010000000010000010
0000010000000100001100
0000010000001100001100
0000010000010100001100
0000010000011100001100
0000010000000100001110
0000010000001100001110
0000010000010100001110
0000010000011100001110
0000010000000100010010
0000010000000000010100
0000010000000100011000
0000010000000100011100
0000010000000100100000
0000000000001110001000
0000000000001010001000
0000000000001100001000
0000000000010110001000
0000000000010010001000
0000000000010100001000
0000000000000010001010
0000000000001010001010
0000000000010010001010
0000000000011010001010
0000000000000100001010
0000000000001100001010
0000000000010100001010
0000000000011100001010
0000000000000110001000
0000000000000010001000
0000000000000110001000
0000000000000110001010
0000000000000110001010
