00010000000000000000010
00010000000000000000010
00010000000000000000000
00000000001000000000000
00000000100000000000001
00000000100001000000000
00000000100010000000000
00000000100000001000001
00000000100000010000001
00000000100000011000001
00000000100001000100000
00000000100010000100000
00000000100000001100001
00000000100000010100001
00000000100000011100001
00000000100001000000000
00000000100010000000000
00000000100000001000001
00000000100000010000001
00000000100000011000001
00000000010000000000000
00000000010000000000000
00000000010100100100011
00000000010100001100011
00000000010100010100011
00000000010100011100011
00000000010100100100100
00000000010100001100100
00000000010100010100100
00000000010100011100100
00000000010101000100000
00000000010110000100000
00000000010100001100000
00000000010100010100000
00000000010100011100000
00000000010100100100110
00000000010100001100110
00000000010100010100110
00000000010100011100110
00000000010100100100111
00000000010100001100111
00000000010100010100111
00000000010100011100111
00000000010100000101000
00000000010100000001010
00000000010100000101011
00000000010100000101101
00000000010100000101111
00000001000000000000000
00000001000001000000000
00000001000010000000000
00100000000000001000001
00100000000000010000001
00100000000000011000001
10000000000001100000011
10000000000001001000011
10000000000001010000011
10000000000001011000011
10000000000000100000011
10000000000001100000100
10000000000001001000100
10000000000001010000100
10000000000001011000100
10000000000000100000101
10000000000000000000000
10000000000010000000000
10000000000000001000001
10000000000000010000001
10000000000000011000001
10000000000001100000110
10000000000001001000110
10000000000001010000110
10000000000001011000110
10000000000000100000110
10000000000001100000111
10000000000001001000111
10000000000001010000111
10000000000001011000111
10000000000000100000111
10000000000001000001000
10000000000000000001010
10000000000001000001011
10000000000001000001101
10000000000001000001111
01000000000010100000011
01000000000010001000011
01000000000010010000011
01000000000010011000011
01000000000000100000011
01000000000010100000100
01000000000010001000100
01000000000010010000100
01000000000010011000100
01000000000000100000101
01000000000000000000000
01000000000001000000000
01000000000000001000000
01000000000000010000000
01000000000000011000000
01000000000010100000110
01000000000010001000110
01000000000010010000110
01000000000010011000110
01000000000000100000110
01000000000010100000111
01000000000010001000111
01000000000010010000111
01000000000010011000111
01000000000000100000111
01000000000010000001000
01000000000000000001010
01000000000010000001011
01000000000010000001101
01000000000010000001111
00001000000000001000011
00001000000001001000011
00001000000010001000011
00001000000011001000011
00001000000000001000101
00001000000001001000101
00001000000010001000101
00001000000011001000101
00001000000000000000000
00001000000001000000000
00001000000010000000000
00001000000000010000001
00001000000000011000001
00001000000000001000110
00001000000001001000110
00001000000010001000110
00001000000011001000110
00001000000000001000111
00001000000001001000111
00001000000010001000111
00001000000011001000111
00001000000000001001001
00001000000000000001010
00001000000000001001100
00001000000000001001110
00001000000000001010000
00000100000000010000011
00000100000001010000011
00000100000010010000011
00000100000011010000011
00000100000000010000101
00000100000001010000101
00000100000010010000101
00000100000011010000101
00000100000000000000000
00000100000001000000000
00000100000010000000000
00000100000000001000001
00000100000000011000001
00000100000000010000110
00000100000001010000110
00000100000010010000110
00000100000011010000110
00000100000000010000111
00000100000001010000111
00000100000010010000111
00000100000011010000111
00000100000000010001001
00000100000000000001010
00000100000000010001100
00000100000000010001110
00000100000000010010000
00000010000000011000011
00000010000001011000011
00000010000010011000011
00000010000011011000011
00000010000000011000101
00000010000001011000101
00000010000010011000101
00000010000011011000101
00000010000000000000000
00000010000001000000000
00000010000010000000000
00000010000000001000001
00000010000000010000001
00000010000000011000110
00000010000001011000110
00000010000010011000110
00000010000011011000110
00000010000000011000111
00000010000001011000111
00000010000010011000111
00000010000011011000111
00000010000000011001001
00000010000000011001010
00000010000000011001100
00000010000000011001110
00000010000000011010000
00000000000001100000100
00000000000001001000100
00000000000001010000100
00000000000001011000100
00000000000010100000100
00000000000010001000100
00000000000010010000100
00000000000010011000100
00000000000000001000101
00000000000001001000101
00000000000010001000101
00000000000011001000101
00000000000000010000101
00000000000001010000101
00000000000010010000101
00000000000011010000101
00000000000000011000101
00000000000001011000101
00000000000010011000101
00000000000011011000101
00000000000000100000100
00000000000000001000100
00000000000000010000100
00000000000000011000100
00000000000000100000101
00000000000000000001010
10000000000001000010001
01000000000010000010001
00001000000000001010010
00000100000000010010010
00000010000000011010010
10000000000001000010011
01000000000010000010011
00001000000000001010100
00000100000000010010100
00000010000000011010100
00000000010100000110001
00000000010100000110011
